#       x [dimensionless]               E_01 [MHz]               E_10 [MHz]               E_11 [MHz]               E_20 [MHz]               E_02 [MHz]              E_cav [MHz]                 w1 [MHz]                 w2 [MHz]                 wc [MHz]
  -3.0000000000000000E+00   5.0955415668990991E+03   5.9784283333556596E+03   1.1073697482047895E+04   1.1690555777831207E+04   9.8830447519705976E+03   6.2260300997452441E+03   6.0000000000000000E+03   5.1000000000000000E+03   6.2000000000000000E+03
  -2.9393939393939394E+00   5.1136482379279259E+03   5.9784385483341757E+03   1.1091803543262671E+04   1.1690565412706535E+04   9.9193173233271445E+03   6.2260950319198309E+03   6.0000000000000000E+03   5.1181818181818180E+03   6.2000000000000000E+03
  -2.8787878787878789E+00   5.1317523235685585E+03   5.9784491945063419E+03   1.1109906754580843E+04   1.1690575660175818E+04   9.9555874721981236E+03   6.2261621182888848E+03   6.0000000000000000E+03   5.1363636363636360E+03   6.2000000000000000E+03
  -2.8181818181818183E+00   5.1498536873662306E+03   5.9784602997443653E+03   1.1128006942720633E+04   1.1690586581679454E+04   9.9918551002457316E+03   6.2262314674349691E+03   6.0000000000000000E+03   5.1545454545454540E+03   6.2000000000000000E+03
  -2.7575757575757578E+00   5.1679521830209633E+03   5.9784718943738699E+03   1.1146103918835135E+04   1.1690598247437476E+04   1.0028120103708490E+04   6.2263031953325772E+03   6.0000000000000000E+03   5.1727272727272730E+03   6.2000000000000000E+03
  -2.6969696969696968E+00   5.1860476534744521E+03   5.9784840114495673E+03   1.1164197476533358E+04   1.1690610738168682E+04   1.0064382373019478E+04   6.2263774259852216E+03   6.0000000000000000E+03   5.1909090909090910E+03   6.2000000000000000E+03
  -2.6363636363636362E+00   5.2041399298923789E+03   5.9784966870692442E+03   1.1182287389558514E+04   1.1690624147268376E+04   1.0100641792391551E+04   6.2264542921294342E+03   6.0000000000000000E+03   5.2090909090909090E+03   6.2000000000000000E+03
  -2.5757575757575757E+00   5.2222288305273614E+03   5.9785099607318480E+03   1.1200373409045140E+04   1.1690638583612701E+04   1.0136898239366346E+04   6.2265339360136641E+03   6.0000000000000000E+03   5.2272727272727270E+03   6.2000000000000000E+03
  -2.5151515151515151E+00   5.2403141594454555E+03   5.9785238757473171E+03   1.1218455260254941E+04   1.1690654175242487E+04   1.0173151584322748E+04   6.2266165102617724E+03   6.0000000000000000E+03   5.2454545454545460E+03   6.2000000000000000E+03
  -2.4545454545454546E+00   5.2583957050972240E+03   5.9785384797074512E+03   1.1236532638663804E+04   1.1690671074320890E+04   1.0209401689941151E+04   6.2267021788318161E+03   6.0000000000000000E+03   5.2636363636363640E+03   6.2000000000000000E+03
  -2.3939393939393940E+00   5.2764732387085824E+03   5.9785538250273603E+03   1.1254605205227621E+04   1.1690689464008261E+04   1.0245648410618014E+04   6.2267911180823721E+03   6.0000000000000000E+03   5.2818181818181820E+03   6.2000000000000000E+03
  -2.3333333333333330E+00   5.2945465124663615E+03   5.9785699695723424E+03   1.1272672580604420E+04   1.1690709568363258E+04   1.0281891591826059E+04   6.2268835179612979E+03   6.0000000000000000E+03   5.3000000000000000E+03   6.2000000000000000E+03
  -2.2727272727272725E+00   5.3126152574647276E+03   5.9785869773844024E+03   1.1290734338029717E+04   1.1690731667294807E+04   1.0318131069413146E+04   6.2269795833328390E+03   6.0000000000000000E+03   5.3181818181818180E+03   6.2000000000000000E+03
  -2.2121212121212119E+00   5.3306791813739692E+03   5.9786049195275045E+03   1.1308789994435334E+04   1.1690756120548584E+04   1.0354366668833143E+04   6.2270795354623042E+03   6.0000000000000000E+03   5.3363636363636360E+03   6.2000000000000000E+03
  -2.1515151515151514E+00   5.3487379657879719E+03   5.9786238750766497E+03   1.1326838999245672E+04   1.1690783409270465E+04   1.0390598204301081E+04   6.2271836136809652E+03   6.0000000000000000E+03   5.3545454545454550E+03   6.2000000000000000E+03
  -2.0909090909090908E+00   5.3667912631934432E+03   5.9786439322776141E+03   1.1344880720058809E+04   1.1690814215477680E+04   1.0426825477863353E+04   6.2272920772562156E+03   6.0000000000000000E+03   5.3727272727272730E+03   6.2000000000000000E+03
  -2.0303030303030303E+00   5.3848386934968294E+03   5.9786651899146891E+03   1.1362914424083836E+04   1.1690849594633219E+04   1.0463048278372589E+04   6.2274052074977008E+03   6.0000000000000000E+03   5.3909090909090910E+03   6.2000000000000000E+03
  -1.9696969696969697E+00   5.4028798400277883E+03   5.9786877589294527E+03   1.1380939253699406E+04   1.1690891419436724E+04   1.0499266380355453E+04   6.2275233101338090E+03   6.0000000000000000E+03   5.4090909090909090E+03   6.2000000000000000E+03
  -1.9090909090909092E+00   5.4209142449240389E+03   5.9787117643480960E+03   1.1398954193714664E+04   1.1690943830160733E+04   1.0535479542760062E+04   6.2276467180007166E+03   6.0000000000000000E+03   5.4272727272727270E+03   6.2000000000000000E+03
  -1.8484848484848484E+00   5.4389414037773458E+03   5.9787373475859567E+03   1.1416958026680251E+04   1.1691020230800654E+04   1.0571687507567236E+04   6.2277757940913725E+03   6.0000000000000000E+03   5.4454545454545460E+03   6.2000000000000000E+03
  -1.7878787878787878E+00   5.4569607593948385E+03   5.9787646692192720E+03   1.1434949270601290E+04   1.1691225767254509E+04   1.0607889998247636E+04   6.2279109350223735E+03   6.0000000000000000E+03   5.4636363636363640E+03   6.2000000000000000E+03
  -1.7272727272727273E+00   5.4749716944940519E+03   5.9787939123381875E+03   1.1452926090084678E+04   1.1690772903158893E+04   1.0644086718044207E+04   6.2280525749860899E+03   6.0000000000000000E+03   5.4818181818181820E+03   6.2000000000000000E+03
  -1.6666666666666665E+00   5.4929735231038521E+03   5.9788252866278126E+03   1.1470886166256805E+04   1.1691016591936061E+04   1.0680277348055668E+04   6.2282011902683362E+03   6.0000000000000000E+03   5.5000000000000000E+03   6.2000000000000000E+03
  -1.6060606060606060E+00   5.5109654803852172E+03   5.9788590333688699E+03   1.1488826500679221E+04   1.1691128779374405E+04   1.0716461545092963E+04   6.2283573044278673E+03   6.0000000000000000E+03   5.5181818181818180E+03   6.2000000000000000E+03
  -1.5454545454545454E+00   5.5289467105051590E+03   5.9788954316070813E+03   1.1506743109803727E+04   1.1691235394791307E+04   1.0752638939275646E+04   6.2285214942515158E+03   6.0000000000000000E+03   5.5363636363636360E+03   6.2000000000000000E+03
  -1.4848484848484849E+00   5.5469162520973978E+03   5.9789348058245314E+03   1.1524630530412045E+04   1.1691354817339103E+04   1.0788809131330154E+04   6.2286943966235231E+03   6.0000000000000000E+03   5.5545454545454550E+03   6.2000000000000000E+03
  -1.4242424242424243E+00   5.5648730206990367E+03   5.9789775355541133E+03   1.1542480983009795E+04   1.1691497715495927E+04   1.0824971689543650E+04   6.2288767164742967E+03   6.0000000000000000E+03   5.5727272727272730E+03   6.2000000000000000E+03
  -1.3636363636363635E+00   5.5828157873647069E+03   5.9790240675352252E+03   1.1560282881317042E+04   1.1691676191002887E+04   1.0861126146319839E+04   6.2290692360093090E+03   6.0000000000000000E+03   5.5909090909090910E+03   6.2000000000000000E+03
  -1.3030303030303030E+00   5.6007431523985288E+03   5.9790749312298722E+03   1.1578018007445273E+04   1.1691908114774538E+04   1.0897271994272756E+04   6.2292728254626563E+03   6.0000000000000000E+03   5.6090909090909090E+03   6.2000000000000000E+03
  -1.2424242424242424E+00   5.6186535127725874E+03   5.9791307588279014E+03   1.1595655742466064E+04   1.1692223327312087E+04   1.0933408681781235E+04   6.2294884556723555E+03   6.0000000000000000E+03   5.6272727272727270E+03   6.2000000000000000E+03
  -1.1818181818181817E+00   5.6365450212821452E+03   5.9791923113298690E+03   1.1613140151990301E+04   1.1692676698870688E+04   1.0969535607911501E+04   6.2297172128426828E+03   6.0000000000000000E+03   5.6454545454545460E+03   6.2000000000000000E+03
  -1.1212121212121211E+00   5.6544155347288688E+03   5.9792605129648582E+03   1.1630357646418452E+04   1.1693380517750724E+04   1.1005652116596066E+04   6.2299603159427934E+03   6.0000000000000000E+03   5.6636363636363640E+03   6.2000000000000000E+03
  -1.0606060606060606E+00   5.6722625473102016E+03   5.9793364972099953E+03   1.1647044794413827E+04   1.1694596684664013E+04   1.1041757489932083E+04   6.2302191372981397E+03   6.0000000000000000E+03   5.6818181818181820E+03   6.2000000000000000E+03
  -1.0000000000000000E+00   5.6900831037162625E+03   5.9794216692180089E+03   1.1662498731230189E+04   1.1697026291203045E+04   1.1077850940430662E+04   6.2304952270657286E+03   6.0000000000000000E+03   5.7000000000000000E+03   6.2000000000000000E+03
  -9.3939393939393945E-01   5.7078736838605691E+03   5.9795177918632908E+03   1.1674884717652607E+04   1.1702502033892073E+04   1.1113931602009696E+04   6.2307903424581018E+03   6.0000000000000000E+03   5.7181818181818180E+03   6.2000000000000000E+03
  -8.7878787878787890E-01   5.7256300471130598E+03   5.9796271064498433E+03   1.1713188478306081E+04   1.1682035837401176E+04   1.1149998519468390E+04   6.2311064828008675E+03   6.0000000000000000E+03   5.7363636363636360E+03   6.2000000000000000E+03
  -8.1818181818181834E-01   5.7433470173528913E+03   5.9797525053967402E+03   1.1727805495445748E+04   1.1685229510846208E+04   1.1186050636114873E+04   6.2314459317959700E+03   6.0000000000000000E+03   5.7545454545454540E+03   6.2000000000000000E+03
  -7.5757575757575735E-01   5.7610181792508956E+03   5.9798977847461647E+03   1.1744070613626198E+04   1.1686745080466560E+04   1.1222086779121986E+04   6.2318113087303791E+03   6.0000000000000000E+03   5.7727272727272730E+03   6.2000000000000000E+03
  -6.9696969696969679E-01   5.7786354374777584E+03   5.9800680225784672E+03   1.1760980483888990E+04   1.1687582267701131E+04   1.1258105642059687E+04   6.2322056308530155E+03   6.0000000000000000E+03   5.7909090909090910E+03   6.2000000000000000E+03
  -6.3636363636363624E-01   5.7961883572620718E+03   5.9802701620571897E+03   1.1778168316773357E+04   1.1688103640028967E+04   1.1294105763868814E+04   6.2326323897717884E+03   6.0000000000000000E+03   5.8090909090909090E+03   6.2000000000000000E+03
  -5.7575757575757569E-01   5.8136631432745971E+03   5.9805139384474905E+03   1.1795481342026500E+04   1.1688457032275068E+04   1.1330085503268592E+04   6.2330956455506403E+03   6.0000000000000000E+03   5.8272727272727270E+03   6.2000000000000000E+03
  -5.1515151515151514E-01   5.8310409954490242E+03   5.9808134067259161E+03   1.1812844613451103E+04   1.1688711594244516E+04   1.1366043007169195E+04   6.2336001432797566E+03   6.0000000000000000E+03   5.8454545454545450E+03   6.2000000000000000E+03
  -4.5454545454545459E-01   5.8482953416522651E+03   5.9811895636457120E+03   1.1830215143223380E+04   1.1688903473180166E+04   1.1401976170950336E+04   6.2341514583385360E+03   6.0000000000000000E+03   5.8636363636363640E+03   6.2000000000000000E+03
  -3.9393939393939403E-01   5.8653869417981332E+03   5.9816750615279379E+03   1.1847564213133373E+04   1.1689053274911537E+04   1.1437882587160981E+04   6.2347561784922655E+03   6.0000000000000000E+03   5.8818181818181820E+03   6.2000000000000000E+03
  -3.3333333333333304E-01   5.8822547352850534E+03   5.9823231312041380E+03   1.1864869567486458E+04   1.1689173589350536E+04   1.1473759476466023E+04   6.2354221335108086E+03   6.0000000000000000E+03   5.9000000000000000E+03   6.2000000000000000E+03
  -2.7272727272727249E-01   5.8987977114706737E+03   5.9832254203378689E+03   1.1882111475625730E+04   1.1689272584759223E+04   1.1509603588008205E+04   6.2361586863734119E+03   6.0000000000000000E+03   5.9181818181818180E+03   6.2000000000000000E+03
  -2.1212121212121193E-01   5.9148371064742096E+03   5.9845494253297948E+03   1.1899270429573218E+04   1.1689355911502302E+04   1.1545411036665508E+04   6.2369771045597736E+03   6.0000000000000000E+03   5.9363636363636360E+03   6.2000000000000000E+03
  -1.5151515151515138E-01   5.9300365051762310E+03   5.9866179136822147E+03   1.1916325544993175E+04   1.1689427920440721E+04   1.1581176970474800E+04   6.2378910356871565E+03   6.0000000000000000E+03   5.9545454545454550E+03   6.2000000000000000E+03
  -9.0909090909090828E-02   5.9437548715830499E+03   5.9900552821085348E+03   1.1933253231132581E+04   1.1689493088213028E+04   1.1616894569043196E+04   6.2389171190356865E+03   6.0000000000000000E+03   5.9727272727272730E+03   6.2000000000000000E+03
  -3.0303030303030276E-02   5.9549522217139111E+03   5.9958810958892354E+03   1.1950025904202434E+04   1.1689562079128802E+04   1.1652549120017973E+04   6.2400757733060891E+03   6.0000000000000000E+03   5.9909090909090910E+03   6.2000000000000000E+03
   3.0303030303030276E-02   6.0049533562527586E+03   5.9627453421904956E+03   1.1966610619661929E+04   1.1690231007114706E+04   1.1687538682070455E+04   6.2413922106478130E+03   6.0000000000000000E+03   6.0090909090909090E+03   6.2000000000000000E+03
   9.0909090909090828E-02   6.0169101704938184E+03   5.9674648212403135E+03   1.1982967568087006E+04   1.1689570799870247E+04   1.1723784441438716E+04   6.2428977355387469E+03   6.0000000000000000E+03   6.0272727272727270E+03   6.2000000000000000E+03
   1.5151515151515138E-01   6.0305882266998688E+03   5.9702349293920597E+03   1.1999048463365529E+04   1.1689625885667847E+04   1.1759231497205830E+04   6.2446313893627594E+03   6.0000000000000000E+03   6.0454545454545450E+03   6.2000000000000000E+03
   2.1212121212121238E-01   6.0450547662154568E+03   5.9719396111427122E+03   1.2014795000067119E+04   1.1689663780558440E+04   1.1794598383879529E+04   6.2466419862783296E+03   6.0000000000000000E+03   6.0636363636363640E+03   6.2000000000000000E+03
   2.7272727272727293E-01   6.0597676208945923E+03   5.9730600301896193E+03   1.2030137841998418E+04   1.1689695249304626E+04   1.1829855424909700E+04   6.2489905307341396E+03   6.0000000000000000E+03   6.0818181818181820E+03   6.2000000000000000E+03
   3.3333333333333348E-01   6.0744057632562035E+03   5.9738413653996031E+03   1.2044997144776084E+04   1.1689722724419044E+04   1.1864973759371278E+04   6.2517528713443462E+03   6.0000000000000000E+03   6.1000000000000000E+03   6.2000000000000000E+03
   3.9393939393939403E-01   6.0887465349831909E+03   5.9744131154981078E+03   1.2059286609523064E+04   1.1689747226765241E+04   1.1899913789594546E+04   6.2550221677006630E+03   6.0000000000000000E+03   6.1181818181818180E+03   6.2000000000000000E+03
   4.5454545454545459E-01   6.1026055055241886E+03   5.9748478722056752E+03   1.2072924895163305E+04   1.1689769338210273E+04   1.1934615184236849E+04   6.2589102586339141E+03   6.0000000000000000E+03   6.1363636363636360E+03   6.2000000000000000E+03
   5.1515151515151514E-01   6.1158103422202257E+03   5.9751887865275057E+03   1.2085861950282524E+04   1.1689789450385892E+04   1.1968977382087607E+04   6.2635463257978336E+03   6.0000000000000000E+03   6.1545454545454550E+03   6.2000000000000000E+03
   5.7575757575757569E-01   6.1281937951449518E+03   5.9754628716743773E+03   1.2098137541645847E+04   1.1689807852657877E+04   1.2002813657546512E+04   6.2690706059079430E+03   6.0000000000000000E+03   6.1727272727272730E+03   6.2000000000000000E+03
   6.3636363636363669E-01   6.1396002058954982E+03   5.9756878034462425E+03   1.2244038095353018E+04   1.1689824770887644E+04   1.2035727168902886E+04   6.2756210815674858E+03   6.0000000000000000E+03   6.1909090909090910E+03   6.2000000000000000E+03
   6.9696969696969724E-01   6.1499020928448881E+03   5.9758755908109670E+03   1.2253785292560628E+04   1.1689840387517863E+04   1.2066740417813799E+04   6.2833132254352095E+03   6.0000000000000000E+03   6.2090909090909090E+03   6.2000000000000000E+03
   7.5757575757575779E-01   6.2922172982194388E+03   5.9760346581646445E+03   1.2264740827943817E+04   1.1689854853329176E+04   1.2093370197534916E+04   6.1590207708887829E+03   6.0000000000000000E+03   6.2272727272727270E+03   6.2000000000000000E+03
   8.1818181818181834E-01   6.3023419207007755E+03   5.9761710797952765E+03   1.2276868234761583E+04   1.1689868294976543E+04   1.2159499702413981E+04   6.1669415449586668E+03   6.0000000000000000E+03   6.2454545454545460E+03   6.2000000000000000E+03
   8.7878787878787890E-01   6.3136319864621182E+03   5.9762893406049479E+03   1.2290096572975192E+04   1.1689880820156352E+04   1.2187084214237708E+04   6.1737150365694470E+03   6.0000000000000000E+03   6.2636363636363640E+03   6.2000000000000000E+03
   9.3939393939393945E-01   6.3259820159281589E+03   5.9763928210762024E+03   1.2304339160129028E+04   1.1689892521329661E+04   1.2216967623646466E+04   6.1794433448139462E+03   6.0000000000000000E+03   6.2818181818181820E+03   6.2000000000000000E+03
   1.0000000000000000E+00   6.3392581443221570E+03   5.9764841158084746E+03   1.2319499298745170E+04   1.1689903478505410E+04   1.2247113236170364E+04   6.1842577398695066E+03   6.0000000000000000E+03   6.3000000000000000E+03   6.2000000000000000E+03
   1.0606060606060606E+00   6.3533195795060674E+03   5.9765652483299200E+03   1.2335430729168474E+04   1.1689913761380150E+04   1.2276435342060022E+04   6.1882969903459889E+03   6.0000000000000000E+03   6.3181818181818180E+03   6.2000000000000000E+03
   1.1212121212121211E+00   6.3680337916975113E+03   5.9766378193918645E+03   1.2351783495118158E+04   1.1689923431018469E+04   1.2304092385523614E+04   6.1916920252744239E+03   6.0000000000000000E+03   6.3363636363636360E+03   6.2000000000000000E+03
   1.1818181818181817E+00   6.3832844260739221E+03   5.9767031115047284E+03   1.2367705581711933E+04   1.1689932541195172E+04   1.2329349906083449E+04   6.1945579169669654E+03   6.0000000000000000E+03   6.3545454545454540E+03   6.2000000000000000E+03
   1.2424242424242422E+00   6.3989736861826532E+03   5.9767621640217549E+03   1.2381910510705218E+04   1.1689941139482253E+04   1.2444700400416157E+04   6.1969914225230459E+03   6.0000000000000000E+03   6.3727272727272730E+03   6.2000000000000000E+03
   1.3030303030303028E+00   6.4150214983059268E+03   5.9768158279871132E+03   1.2394088536669844E+04   1.1689949268138982E+04   1.2465582340139306E+04   6.1990717646162084E+03   6.0000000000000000E+03   6.3909090909090910E+03   6.2000000000000000E+03
   1.3636363636363633E+00   6.4313632410285936E+03   5.9768648068195325E+03   1.2406343735499548E+04   1.1689956964847661E+04   1.2490332534790716E+04   6.2008628612429457E+03   6.0000000000000000E+03   6.4090909090909090E+03   6.2000000000000000E+03
   1.4242424242424248E+00   6.4479471073352033E+03   5.9769096869119821E+03   1.2421081840641928E+04   1.1689964263327252E+04   1.2517409753970533E+04   6.2024159330256516E+03   6.0000000000000000E+03   6.4272727272727270E+03   6.2000000000000000E+03
   1.4848484848484853E+00   6.4647316232858284E+03   5.9769509609407687E+03   1.2437660303553339E+04   1.1689971193848061E+04   1.2545654635902210E+04   6.2037719612281071E+03   6.0000000000000000E+03   6.4454545454545460E+03   6.2000000000000000E+03
   1.5454545454545459E+00   6.4816835232934245E+03   5.9769890458286100E+03   1.2454923140438377E+04   1.1689977783667244E+04   1.2574334906773365E+04   6.2049637945144932E+03   6.0000000000000000E+03   6.4636363636363640E+03   6.2000000000000000E+03
   1.6060606060606064E+00   6.4987760174903378E+03   5.9770242967370868E+03   1.2472429981562484E+04   1.1689984057398098E+04   1.2602989388913105E+04   6.2060178675909410E+03   6.0000000000000000E+03   6.4818181818181820E+03   6.2000000000000000E+03
   1.6666666666666670E+00   6.5159874157443792E+03   5.9770570180735112E+03   1.2490042227675498E+04   1.1689990037326095E+04   1.2631313338004364E+04   6.2069555661821105E+03   6.0000000000000000E+03   6.5000000000000000E+03   6.2000000000000000E+03
   1.7272727272727275E+00   6.5333000500077615E+03   5.9770874722294539E+03   1.2507713102403170E+04   1.1689995743679880E+04   1.2659097629031465E+04   6.2077942959447682E+03   6.0000000000000000E+03   6.5181818181818180E+03   6.2000000000000000E+03
   1.7878787878787881E+00   6.5506994356661744E+03   5.9771158865758043E+03   1.2525424911567126E+04   1.1690001194864686E+04   1.2686200091984480E+04   6.2085483141218137E+03   6.0000000000000000E+03   6.5363636363636360E+03   6.2000000000000000E+03
   1.8484848484848486E+00   6.5681736199608276E+03   5.9771424591086834E+03   1.2543169895513856E+04   1.1690006407664674E+04   1.2893944228371714E+04   6.2092293754760613E+03   6.0000000000000000E+03   6.5545454545454550E+03   6.2000000000000000E+03
   1.9090909090909092E+00   6.5857126750698826E+03   5.9771673630378755E+03   1.2560943913088915E+04   1.1690011397418370E+04   1.2921312060265418E+04   6.2098472346195149E+03   6.0000000000000000E+03   6.5727272727272730E+03   6.2000000000000000E+03
   1.9696969696969697E+00   6.6033083024464868E+03   5.9771907505428971E+03   1.2578744221820649E+04   1.1690016178172038E+04   1.2949670777515625E+04   6.2104100379198499E+03   6.0000000000000000E+03   6.5909090909090910E+03   6.2000000000000000E+03
   2.0303030303030303E+00   6.6209535226104344E+03   5.9772127558663633E+03   1.2596568666016588E+04   1.1690020762813205E+04   1.2978958401964264E+04   6.2109246306142595E+03   6.0000000000000000E+03   6.6090909090909090E+03   6.2000000000000000E+03
   2.0909090909090908E+00   6.6386424306679837E+03   5.9772334978782810E+03   1.2614415374874266E+04   1.1690025163188451E+04   1.3009096294051753E+04   6.2113967987264632E+03   6.0000000000000000E+03   6.6272727272727270E+03   6.2000000000000000E+03
   2.1515151515151514E+00   6.6563700025420203E+03   5.9772530822129611E+03   1.2632282650726382E+04   1.1690029390206775E+04   1.3039996902698556E+04   6.2118314606995664E+03   6.0000000000000000E+03   6.6454545454545450E+03   6.2000000000000000E+03
   2.2121212121212119E+00   6.6741319404921815E+03   5.9772716030590818E+03   1.2650168928263018E+04   1.1690033453930781E+04   1.3071570807749304E+04   6.2122328200852498E+03   6.0000000000000000E+03   6.6636363636363640E+03   6.2000000000000000E+03
   2.2727272727272725E+00   6.6919245492266491E+03   5.9772891446674766E+03   1.2668072759285300E+04   1.1690037363657415E+04   1.3103732047827310E+04   6.2126044879242254E+03   6.0000000000000000E+03   6.6818181818181820E+03   6.2000000000000000E+03
   2.3333333333333339E+00   6.7097446359598807E+03   5.9773057826270442E+03   1.2685992805689937E+04   1.1690041127989769E+04   1.3136401489493901E+04   6.2129495814130732E+03   6.0000000000000000E+03   6.7000000000000000E+03   6.2000000000000000E+03
   2.3939393939393945E+00   6.7275894293181191E+03   5.9773215849492699E+03   1.2703927834358983E+04   1.1690044754900671E+04   1.3169508497046612E+04   6.2132708039145946E+03   6.0000000000000000E+03   6.7181818181818180E+03   6.2000000000000000E+03
   2.4545454545454550E+00   6.7454565131635900E+03   5.9773366129930364E+03   1.2721876711905039E+04   1.1690048251789492E+04   1.3202991364705806E+04   6.2135705102071952E+03   6.0000000000000000E+03   6.7363636363636360E+03   6.2000000000000000E+03
   2.5151515151515156E+00   6.7633437722967801E+03   5.9773509222584744E+03   1.2739838398837705E+04   1.1690051625532951E+04   1.3236796969479197E+04   6.2138507599902032E+03   6.0000000000000000E+03   6.7545454545454550E+03   6.2000000000000000E+03
   2.5757575757575761E+00   6.7812493476655709E+03   5.9773645630694809E+03   1.2757811943260098E+04   1.1690054882530578E+04   1.3270880006108109E+04   6.2141133619922211E+03   6.0000000000000000E+03   6.7727272727272730E+03   6.2000000000000000E+03
   2.6363636363636367E+00   6.7991715992267127E+03   5.9773775811625965E+03   1.2775796474344919E+04   1.1690058028745421E+04   1.3305202051067703E+04   6.2143599105199246E+03   6.0000000000000000E+03   6.7909090909090910E+03   6.2000000000000000E+03
   2.6969696969696972E+00   6.8171090750006988E+03   5.9773900181977806E+03   1.2793791195824371E+04   1.1690061069740645E+04   1.3339730606124773E+04   6.2145918158925924E+03   6.0000000000000000E+03   6.8090909090909090E+03   6.2000000000000000E+03
   2.7575757575757578E+00   6.8350604851644021E+03   5.9774019122025929E+03   1.2811795379674390E+04   1.1690064010712733E+04   1.3374438202845166E+04   6.2148103299059003E+03   6.0000000000000000E+03   6.8272727272727270E+03   6.2000000000000000E+03
   2.8181818181818183E+00   6.8530246802618931E+03   5.9774132979592687E+03   1.2829808360112067E+04   1.1690066856521022E+04   1.3409301604954504E+04   6.2150165672335424E+03   6.0000000000000000E+03   6.8454545454545460E+03   6.2000000000000000E+03
   2.8787878787878789E+00   6.8710006327991723E+03   5.9774242073434725E+03   1.2847829527978123E+04   1.1690069611714811E+04   1.3444301119229225E+04   6.2152115234938974E+03   6.0000000000000000E+03   6.8636363636363640E+03   6.2000000000000000E+03
   2.9393939393939394E+00   6.8889874216317112E+03   5.9774346696214780E+03   1.2865858325539732E+04   1.1690072280557732E+04   1.3479420011481474E+04   6.2153960905651184E+03   6.0000000000000000E+03   6.8818181818181820E+03   6.2000000000000000E+03
   3.0000000000000000E+00   6.9069842186681435E+03   5.9774447117117206E+03   1.2883894241720698E+04   1.1690074867049731E+04   1.3514644017548122E+04   6.2155710696201377E+03   6.0000000000000000E+03   6.9000000000000000E+03   6.2000000000000000E+03
