#       x [dimensionless]               E_01 [MHz]               E_10 [MHz]               E_11 [MHz]               E_20 [MHz]               E_02 [MHz]              E_cav [MHz]                 w1 [MHz]                 w2 [MHz]                 wc [MHz]
  -1.0000000000000000E+01   5.9074203330162272E+03   6.0074042485177197E+03   1.1916072102832259E+04   1.1731712545639290E+04   1.1520376518734040E+04   5.2851754184661550E+03   6.0000000000000000E+03   5.9000000000000000E+03   5.3000000000000000E+03
  -9.7979797979797976E+00   5.9075797764376939E+03   6.0075632774357982E+03   1.1916454139648373E+04   1.1732386149445165E+04   1.1521664951109839E+04   5.2989983602679222E+03   6.0000000000000000E+03   5.9000000000000000E+03   5.3141414141414143E+03
  -9.5959595959595951E+00   5.9077460860149295E+03   6.0077291709591736E+03   1.1916854735080451E+04   1.1733100819909967E+04   1.1523057558761073E+04   5.3128075713088765E+03   6.0000000000000000E+03   5.9000000000000000E+03   5.3282828282828286E+03
  -9.3939393939393945E+00   5.9079197053259559E+03   6.0079023754864829E+03   1.1917275265912314E+04   1.1733860208294653E+04   1.1524566100931646E+04   5.3266021616119397E+03   6.0000000000000000E+03   5.9000000000000000E+03   5.3424242424242420E+03
  -9.1919191919191920E+00   5.9081011160563976E+03   6.0080833762538468E+03   1.1917717246980936E+04   1.1734668379780989E+04   1.1526203911094870E+04   5.3403811642554138E+03   6.0000000000000000E+03   5.9000000000000000E+03   5.3565656565656564E+03
  -8.9898989898989896E+00   5.9082908420640379E+03   6.0082727015669079E+03   1.1918182348628419E+04   1.1735529867904886E+04   1.1527986106307690E+04   5.3541435270762449E+03   6.0000000000000000E+03   5.9000000000000000E+03   5.3707070707070707E+03
  -8.7878787878787872E+00   5.9084894539564593E+03   6.0084709275858413E+03   1.1918672416807050E+04   1.1736449736448361E+04   1.1529929811824028E+04   5.3678881033061843E+03   6.0000000000000000E+03   5.9000000000000000E+03   5.3848484848484850E+03
  -8.5858585858585865E+00   5.9086975742573704E+03   6.0086786837494437E+03   1.1919189496305575E+04   1.1737433649620405E+04   1.1532054394323553E+04   5.3816136409832179E+03   6.0000000000000000E+03   5.9000000000000000E+03   5.3989898989898993E+03
  -8.3838383838383841E+00   5.9089158832446337E+03   6.0088966589336924E+03   1.1919735857656204E+04   1.1738487951312469E+04   1.1534381692259965E+04   5.3953187709531048E+03   6.0000000000000000E+03   5.9000000000000000E+03   5.4131313131313127E+03
  -8.1818181818181817E+00   5.9091451255620050E+03   6.0091256084642400E+03   1.1920314028395471E+04   1.1739619754089508E+04   1.1536936225145233E+04   5.4090019932464802E+03   6.0000000000000000E+03   5.9000000000000000E+03   5.4272727272727270E+03
  -7.9797979797979792E+00   5.9093861177178260E+03   6.0093663621172818E+03   1.1920926829487464E+04   1.1740837038303478E+04   1.1539745354831030E+04   5.4226616615791791E+03   6.0000000000000000E+03   5.9000000000000000E+03   5.4414141414141413E+03
  -7.7777777777777777E+00   5.9096397566045780E+03   6.0096198332703279E+03   1.1921577417883789E+04   1.1742148761239288E+04   1.1542839361146544E+04   5.4362959656807798E+03   6.0000000000000000E+03   5.9000000000000000E+03   5.4555555555555557E+03
  -7.5757575757575761E+00   5.9099070291953831E+03   6.0098870293959117E+03   1.1922269336396865E+04   1.1743564975409121E+04   1.1546251382322254E+04   5.4499029111057898E+03   6.0000000000000000E+03   5.9000000000000000E+03   5.4696969696969700E+03
  -7.3737373737373737E+00   5.9101890235952596E+03   6.0101690641224704E+03   1.1923006572306040E+04   1.1745096953871500E+04   1.1550017159110197E+04   5.4634802961207752E+03   6.0000000000000000E+03   5.9000000000000000E+03   5.4838383838383834E+03
  -7.1717171717171713E+00   5.9104869416559295E+03   6.0104671711336450E+03   1.1923793626411189E+04   1.1746757318581947E+04   1.1554174513192971E+04   5.4770256851902241E+03   6.0000000000000000E+03   5.9000000000000000E+03   5.4979797979797977E+03
  -6.9696969696969697E+00   5.9108021133939328E+03   6.0107827202270928E+03   1.1924635594604551E+04   1.1748560165069866E+04   1.1558762489073808E+04   5.4905363785003356E+03   6.0000000000000000E+03   5.9000000000000000E+03   5.5121212121212120E+03
  -6.7676767676767682E+00   5.9111360134867982E+03   6.0111172359151897E+03   1.1925538264451608E+04   1.1750521172910618E+04   1.1563820098203707E+04   5.5040093768606393E+03   6.0000000000000000E+03   5.9000000000000000E+03   5.5262626262626263E+03
  -6.5656565656565657E+00   5.9114902801649368E+03   6.0114724190292909E+03   1.1926508229772568E+04   1.1752657686294609E+04   1.1569384628277432E+04   5.5174413412099675E+03   6.0000000000000000E+03   5.9000000000000000E+03   5.5404040404040406E+03
  -6.3636363636363633E+00   5.9118667368547731E+03   6.0118501718735397E+03   1.1927553026789095E+04   1.1754988742301237E+04   1.1575489523639992E+04   5.5308285458171431E+03   6.0000000000000000E+03   5.9000000000000000E+03   5.5545454545454550E+03
  -6.1616161616161618E+00   5.9122674169788479E+03   6.0122526275922055E+03   1.1928681296048175E+04   1.1757535016334674E+04   1.1582161914041420E+04   5.5441668241158150E+03   6.0000000000000000E+03   5.9000000000000000E+03   5.5686868686868684E+03
  -5.9595959595959593E+00   5.9126945923551684E+03   6.0126821845383383E+03   1.1929902975024910E+04   1.1760318645100757E+04   1.1400152605736264E+04   5.5574515059349069E+03   6.0000000000000000E+03   5.9000000000000000E+03   5.5828282828282827E+03
  -5.7575757575757578E+00   5.9131508056788762E+03   6.0131415465974069E+03   1.1931229526985484E+04   1.1763362878811411E+04   1.1407473112867356E+04   5.5706773446934139E+03   6.0000000000000000E+03   5.9000000000000000E+03   5.5969696969696970E+03
  -5.5555555555555554E+00   5.9136389075879488E+03   6.0136337706071063E+03   1.1932674212246427E+04   1.1766691508488766E+04   1.1414332762454418E+04   5.5838384329162145E+03   6.0000000000000000E+03   5.9000000000000000E+03   5.6111111111111113E+03
  -5.3535353535353538E+00   5.9141620988047234E+03   6.0141623222391045E+03   1.1934252408195263E+04   1.1770328015195249E+04   1.1420763324623202E+04   5.5969281042086977E+03   6.0000000000000000E+03   5.9000000000000000E+03   5.6252525252525256E+03
  -5.1515151515151514E+00   5.9147239777905615E+03   6.0147311419813823E+03   1.1935981983998721E+04   1.1774294400850382E+04   1.1426811827187292E+04   5.6099388196219961E+03   6.0000000000000000E+03   5.9000000000000000E+03   5.6393939393939390E+03
  -4.9494949494949498E+00   5.9153285942021321E+03   6.0153447231624232E+03   1.1937883734255796E+04   1.1778609690284808E+04   1.1432542832429855E+04   5.6228620361709400E+03   6.0000000000000000E+03   5.9000000000000000E+03   5.6535353535353534E+03
  -4.7474747474747474E+00   5.9159805081650693E+03   6.0160082043173752E+03   1.1939981872091987E+04   1.1783288144482238E+04   1.1438042801267491E+04   5.6356880551943232E+03   6.0000000000000000E+03   5.9000000000000000E+03   5.6676767676767677E+03
  -4.5454545454545459E+00   5.9166848548903290E+03   6.0167274785817281E+03   1.1942304575065515E+04   1.1788337293479599E+04   1.1443428480043920E+04   5.6484058483462431E+03   6.0000000000000000E+03   5.9000000000000000E+03   5.6818181818181820E+03
  -4.3434343434343434E+00   5.9174474133483172E+03   6.0175093231998844E+03   1.1944884565054770E+04   1.1793755974104530E+04   1.1448862375985122E+04   5.6610028594113955E+03   6.0000000000000000E+03   5.9000000000000000E+03   5.6959595959595963E+03
  -4.1414141414141419E+00   5.9182746764310295E+03   6.0183615526238382E+03   1.1947759683979215E+04   1.1620989383326783E+04   1.1454579744532337E+04   5.6734647810461420E+03   6.0000000000000000E+03   5.9000000000000000E+03   5.7101010101010097E+03
  -3.9393939393939394E+00   5.9191739180415098E+03   6.0192931989560311E+03   1.1950973398941744E+04   1.1628150658575214E+04   1.1460930819136687E+04   5.6857753072450287E+03   6.0000000000000000E+03   5.9000000000000000E+03   5.7242424242424240E+03
  -3.7373737373737379E+00   5.9201532495791125E+03   6.0203147235628476E+03   1.1954575132834190E+04   1.1634892920838887E+04   1.1468428958047643E+04   5.6979158652418782E+03   6.0000000000000000E+03   5.9000000000000000E+03   5.7383838383838383E+03
  -3.5353535353535355E+00   5.9212216539728979E+03   6.0214382633215573E+03   1.1958620273195833E+04   1.1641241986594076E+04   1.1477744246479124E+04   5.7098653352309266E+03   6.0000000000000000E+03   5.9000000000000000E+03   5.7525252525252527E+03
  -3.3333333333333330E+00   5.9223889793786811E+03   6.0226779138436777E+03   1.1963169674229266E+04   1.1647238087048452E+04   1.1489502777920952E+04   5.7215997734443090E+03   6.0000000000000000E+03   5.9000000000000000E+03   5.7666666666666670E+03
  -3.1313131313131315E+00   5.9236658666214835E+03   6.0240500496507930E+03   1.1968288456254033E+04   1.1652938105900581E+04   1.1423828131489843E+04   5.7330921645358039E+03   6.0000000000000000E+03   5.9000000000000000E+03   5.7808080808080804E+03
  -2.9292929292929291E+00   5.9250635744862593E+03   6.0255736769193754E+03   1.1974043955466936E+04   1.1658419036791602E+04   1.1432176472178580E+04   5.7443122435440164E+03   6.0000000000000000E+03   5.9000000000000000E+03   5.7949494949494947E+03
  -2.7272727272727275E+00   5.9265936559551046E+03   6.0272708071101997E+03   1.1980502815527921E+04   1.1663783949633795E+04   1.1438381659137056E+04   5.7552264460256047E+03   6.0000000000000000E+03   5.9000000000000000E+03   5.8090909090909090E+03
  -2.5252525252525251E+00   5.9282674289656570E+03   6.0291668283468243E+03   1.1987727445233839E+04   1.1669172017055796E+04   1.1443110812777093E+04   5.7657980659200039E+03   6.0000000000000000E+03   5.9000000000000000E+03   5.8232323232323233E+03
  -2.3232323232323235E+00   5.9300951823977921E+03   6.0312908346381073E+03   1.1995772339442865E+04   1.1674773779683672E+04   1.1446838378445862E+04   5.7759877203378383E+03   6.0000000000000000E+03   5.9000000000000000E+03   5.8373737373737376E+03
  -2.1212121212121211E+00   5.9320850705023258E+03   6.0336758503606179E+03   1.1867822735619404E+04   1.1680849740328551E+04   1.1449872450290284E+04   5.7857542306523465E+03   6.0000000000000000E+03   5.9000000000000000E+03   5.8515151515151520E+03
  -1.9191919191919187E+00   5.9342416887666695E+03   6.0363588598786373E+03   1.1874805368965588E+04   1.1687739345204012E+04   1.1452410073498628E+04   5.7950560170113749E+03   6.0000000000000000E+03   5.9000000000000000E+03   5.8656565656565654E+03
  -1.7171717171717180E+00   5.9365644028990064E+03   6.0393805243259922E+03   1.1881905178559236E+04   1.1695823830675392E+04   1.1454579530352567E+04   5.8038530525731258E+03   6.0000000000000000E+03   5.9000000000000000E+03   5.8797979797979797E+03
  -1.5151515151515156E+00   5.9390456227083341E+03   6.0427844493863886E+03   1.1889326141878404E+04   1.1705395544243300E+04   1.1456466894735146E+04   5.8121093218448150E+03   6.0000000000000000E+03   5.9000000000000000E+03   5.8939393939393940E+03
  -1.3131313131313131E+00   5.9416693539813914E+03   6.0466158760228336E+03   1.1866631142108148E+04   1.1644304578855166E+04   1.1458131870438723E+04   5.8197955780765833E+03   6.0000000000000000E+03   5.9000000000000000E+03   5.9080808080808083E+03
  -1.1111111111111107E+00   5.9444104698845913E+03   6.0509197211260835E+03   1.1879198691742566E+04   1.1651868471467169E+04   1.1459617225640701E+04   5.8268920312116461E+03   6.0000000000000000E+03   5.9000000000000000E+03   5.9222222222222226E+03
  -9.0909090909091006E-01   5.8333904861293777E+03   6.0557380122109826E+03   1.1890425217386703E+04   1.1657739445417945E+04   1.1460954516722115E+04   5.9472351380234031E+03   6.0000000000000000E+03   5.9000000000000000E+03   5.9363636363636360E+03
  -7.0707070707070763E-01   5.8392954653610268E+03   6.0611069329470829E+03   1.1900336163363560E+04   1.1662359379038104E+04   1.1462167651510968E+04   5.9501026521969370E+03   6.0000000000000000E+03   5.9000000000000000E+03   5.9505050505050503E+03
  -5.0505050505050519E-01   5.8446240271054921E+03   6.0670538804656462E+03   1.1909421277803467E+04   1.1666078190389038E+04   1.1463275170339381E+04   5.9529685570754446E+03   6.0000000000000000E+03   5.9000000000000000E+03   5.9646464646464647E+03
  -3.0303030303030276E-01   5.8494042854655154E+03   5.9557885409281598E+03   1.1918236473792151E+04   1.1669144648991318E+04   1.1464291747351226E+04   6.0735950523942001E+03   6.0000000000000000E+03   5.9000000000000000E+03   5.9787878787878790E+03
  -1.0101010101010033E-01   5.8536729420740667E+03   5.9585222981491170E+03   1.1927181820159829E+04   1.1671729244500217E+04   1.1465229205114563E+04   6.0807340527062552E+03   6.0000000000000000E+03   5.9000000000000000E+03   5.9929292929292933E+03
   1.0101010101010033E-01   5.8574723260863102E+03   5.9611365744249415E+03   1.1936502810212934E+04   1.1673948739417239E+04   1.1466097217517134E+04   6.0884618065596151E+03   6.0000000000000000E+03   5.9000000000000000E+03   6.0070707070707067E+03
   3.0303030303030276E-01   5.8608474562211577E+03   5.9636068968737027E+03   1.1946334459902258E+04   1.1675884404710996E+04   1.1466903808012983E+04   6.0967577681172615E+03   6.0000000000000000E+03   5.9000000000000000E+03   6.0212121212121210E+03
   5.0505050505050519E-01   5.8638435138144778E+03   5.9659179069446036E+03   1.1818688196565614E+04   1.1677594127161959E+04   1.1467655710336832E+04   6.1055921145945904E+03   6.0000000000000000E+03   5.9000000000000000E+03   6.0353535353535353E+03
   7.0707070707070763E-01   5.8665039301952684E+03   5.9680625649655985E+03   1.1825972186913476E+04   1.1679120177417402E+04   1.1468358634748402E+04   6.1149284543340827E+03   6.0000000000000000E+03   5.9000000000000000E+03   6.0494949494949497E+03
   9.0909090909090828E-01   5.8688691220420151E+03   5.9700406683610490E+03   1.1832346112236613E+04   1.1680494182632698E+04   1.1469017468054226E+04   6.1247265732334636E+03   6.0000000000000000E+03   5.9000000000000000E+03   6.0636363636363640E+03
   1.1111111111111107E+00   5.8709757957949914E+03   5.9718571200766019E+03   1.1837904993672455E+04   1.1681740348103885E+04   1.1469636426321435E+04   6.1349448619063332E+03   6.0000000000000000E+03   5.9000000000000000E+03   6.0777777777777774E+03
   1.3131313131313131E+00   5.8728566911874259E+03   5.9735202704650101E+03   1.1842749754475490E+04   1.1682877583119396E+04   1.1470219173201265E+04   6.1455422302667557E+03   6.0000000000000000E+03   5.9000000000000000E+03   6.0919191919191917E+03
   1.5151515151515156E+00   5.8745406283917910E+03   5.9750405147107085E+03   1.1846978244966020E+04   1.1683920933273075E+04   1.1470768912843727E+04   6.1564794629582393E+03   6.0000000000000000E+03   5.9000000000000000E+03   6.1060606060606060E+03
   1.7171717171717162E+00   5.8760527426264953E+03   5.9764292104143688E+03   1.1850679934461148E+04   1.1684882566355021E+04   1.1471288463756917E+04   6.1677200671611572E+03   6.0000000000000000E+03   5.9000000000000000E+03   6.1202020202020203E+03
   1.9191919191919187E+00   5.8774148181654673E+03   5.9776979043177635E+03   1.1853933538360259E+04   1.1685772465313814E+04   1.1471780318176963E+04   6.1792307118603130E+03   6.0000000000000000E+03   5.9000000000000000E+03   6.1343434343434346E+03
   2.1212121212121211E+00   5.8786456609666957E+03   5.9788578197334064E+03   1.1856806603346242E+04   1.1686598925154200E+04   1.1472246690278000E+04   6.1909813677847469E+03   6.0000000000000000E+03   5.9000000000000000E+03   6.1484848484848480E+03
   2.3232323232323235E+00   5.8797614714148367E+03   5.9799195452094718E+03   1.1859356199341149E+04   1.1687368916003579E+04   1.1472689555685916E+04   6.2029452460021130E+03   6.0000000000000000E+03   5.9000000000000000E+03   6.1626262626262624E+03
   2.5252525252525242E+00   5.8807761950194908E+03   5.9808928685419287E+03   1.1861630117807121E+04   1.1688088353075798E+04   1.1473110684139949E+04   6.2150986132062581E+03   6.0000000000000000E+03   5.9000000000000000E+03   6.1767676767676767E+03
   2.7272727272727266E+00   5.8817018400312954E+03   5.9817867100123985E+03   1.1863668210856682E+04   1.1688762300690178E+04   1.1473511666701670E+04   6.2274205408655398E+03   6.0000000000000000E+03   5.9000000000000000E+03   6.1909090909090910E+03
   2.9292929292929291E+00   5.8825487579872770E+03   5.9826091197188625E+03   1.1865503676464721E+04   1.1689395128774939E+04   1.1473893938583687E+04   6.2398926273443667E+03   6.0000000000000000E+03   5.9000000000000000E+03   6.2050505050505053E+03
   3.1313131313131315E+00   5.8833258873878221E+03   5.9833673137235164E+03   1.1867164202572647E+04   1.1689990634586087E+04   1.1474258798429801E+04   6.2524987180807511E+03   6.0000000000000000E+03   5.9000000000000000E+03   6.2191919191919196E+03
   3.3333333333333339E+00   5.8840409629600981E+03   5.9840677316277943E+03   1.1868672943547703E+04   1.1690552138573999E+04   1.1474607424696151E+04   6.2652246387455962E+03   6.0000000000000000E+03   5.9000000000000000E+03   6.2333333333333330E+03
   3.5353535353535346E+00   5.8847006940212186E+03   5.9847161040898936E+03   1.1870049333227835E+04   1.1691082560770019E+04   1.1474940889648027E+04   6.2780579493636360E+03   6.0000000000000000E+03   5.9000000000000000E+03   6.2474747474747473E+03
   3.7373737373737370E+00   5.8853109157689323E+03   5.9853175230028937E+03   1.1871309752192596E+04   1.1691584482300525E+04   1.1475260171381044E+04   6.2909877228445112E+03   6.0000000000000000E+03   5.9000000000000000E+03   6.2616161616161617E+03
   3.9393939393939394E+00   5.8858767172425833E+03   5.9858765099456805E+03   1.1872468071032856E+04   1.1692060195408470E+04   1.1475566164194630E+04   6.3040043485693113E+03   6.0000000000000000E+03   5.9000000000000000E+03   6.2757575757575760E+03
   4.1414141414141419E+00   5.8864025494034504E+03   5.9863970804488781E+03   1.1873536090990572E+04   1.1692511744496347E+04   1.1475859687584685E+04   6.3170993600468137E+03   6.0000000000000000E+03   5.9000000000000000E+03   6.2898989898989903E+03
   4.3434343434343425E+00   5.8868923163909567E+03   5.9868828028604476E+03   1.1874523901005763E+04   1.1692940960077489E+04   1.1476141494070594E+04   6.3302652847891295E+03   6.0000000000000000E+03   5.9000000000000000E+03   6.3040404040404037E+03
   4.5454545454545450E+00   5.8873494526163850E+03   5.9873368513839696E+03   1.1875440167298118E+04   1.1693349487075744E+04   1.1476412276034915E+04   6.3434955141814635E+03   6.0000000000000000E+03   5.9000000000000000E+03   6.3181818181818180E+03
   4.7474747474747474E+00   5.8877769879621774E+03   5.9877620533267109E+03   1.1876292368751645E+04   1.1693738808577749E+04   1.1476672671721666E+04   6.3567841910344869E+03   6.0000000000000000E+03   5.9000000000000000E+03   6.3323232323232323E+03
   4.9494949494949498E+00   5.8881776030086330E+03   5.9881609308633524E+03   1.1877086988836860E+04   1.1694110265896123E+04   1.1476923270514662E+04   6.3701261125926612E+03   6.0000000000000000E+03   5.9000000000000000E+03   6.3464646464646466E+03
   5.1515151515151505E+00   5.8885536759048337E+03   5.9885357377577875E+03   1.1877829672669710E+04   1.1694465075619168E+04   1.1477164617597444E+04   6.3835166469434389E+03   6.0000000000000000E+03   5.9000000000000000E+03   6.3606060606060601E+03
   5.3535353535353529E+00   5.8889073222307488E+03   5.9888884915361923E+03   1.1878525356058213E+04   1.1694804344176839E+04   1.1477397218079393E+04   6.3969516609806815E+03   6.0000000000000000E+03   5.9000000000000000E+03   6.3747474747474744E+03
   5.5555555555555554E+00   5.8892404289798214E+03   5.9892210016141107E+03   1.1879178371983786E+04   1.1695129080349954E+04   1.1477621540659897E+04   6.4104274582949556E+03   6.0000000000000000E+03   5.9000000000000000E+03   6.3888888888888887E+03
   5.7575757575757578E+00   5.8895546836005815E+03   5.9895348938566749E+03   1.1879792538845955E+04   1.1695440206063831E+04   1.1477838020890675E+04   6.4239407255732076E+03   6.0000000000000000E+03   5.9000000000000000E+03   6.4030303030303030E+03
   5.9595959595959584E+00   5.8898515988763011E+03   5.9898316320122258E+03   1.1880371233914955E+04   1.1695738565741171E+04   1.1478047064088239E+04   6.4374884862831905E+03   6.0000000000000000E+03   5.9000000000000000E+03   6.4171717171717173E+03
   6.1616161616161627E+00   5.8901325342979981E+03   5.9901125364220134E+03   1.1880917454739443E+04   1.1696024934442714E+04   1.1478249047939891E+04   6.4510680605932430E+03   6.0000000000000000E+03   5.9000000000000000E+03   6.4313131313131316E+03
   6.3636363636363633E+00   5.8903987144688654E+03   5.9903788003576119E+03   1.1881433870705092E+04   1.1696300024976561E+04   1.1478444324841112E+04   6.4646770306282342E+03   6.0000000000000000E+03   5.9000000000000000E+03   6.4454545454545450E+03
   6.5656565656565640E+00   5.8906512449972342E+03   5.9906315043017194E+03   1.1881922866506982E+04   1.1696564494132523E+04   1.1478633223996525E+04   6.4783132102970048E+03   6.0000000000000000E+03   5.9000000000000000E+03   6.4595959595959594E+03
   6.7676767676767682E+00   5.8908911262547917E+03   5.9908716284439652E+03   1.1882386578955528E+04   1.1696818948165768E+04   1.1478816053312497E+04   6.4919746190387959E+03   6.0000000000000000E+03   5.9000000000000000E+03   6.4737373737373737E+03
   6.9696969696969688E+00   5.8911192653164708E+03   5.9911000636283125E+03   1.1882826928261327E+04   1.1697063947635492E+04   1.1478993101105068E+04   6.5056594589340048E+03   6.0000000000000000E+03   5.9000000000000000E+03   6.4878787878787880E+03
   7.1717171717171730E+00   5.8913364863518946E+03   5.9913176209604571E+03   1.1883245644732189E+04   1.1697300011689229E+04   1.1479164637644528E+04   6.5193660947080280E+03   6.0000000000000000E+03   5.9000000000000000E+03   6.5020202020202023E+03
   7.3737373737373737E+00   5.8915435396872153E+03   5.9915250402488191E+03   1.1883644291638764E+04   1.1697527621864248E+04   1.1479330916554693E+04   6.5330930362255822E+03   6.0000000000000000E+03   5.9000000000000000E+03   6.5161616161616166E+03
   7.5757575757575744E+00   5.8917411097315935E+03   5.9917229974368456E+03   1.1884024284871059E+04   1.1697747225472456E+04   1.1479492176082969E+04   6.5468389231345909E+03   6.0000000000000000E+03   5.9000000000000000E+03   6.5303030303030300E+03
   7.7777777777777786E+00   5.8919298219230695E+03   5.9919121111546556E+03   1.1884386909893670E+04   1.1697959238619726E+04   1.1479648640254469E+04   6.5606025113668948E+03   6.0000000000000000E+03   5.9000000000000000E+03   6.5444444444444443E+03
   7.9797979797979792E+00   5.8921102488318284E+03   5.9920929485066245E+03   1.1884733336421328E+04   1.1698164048906978E+04   1.1479800519923290E+04   6.5743826612474058E+03   6.0000000000000000E+03   5.9000000000000000E+03   6.5585858585858587E+03
   8.1818181818181799E+00   5.8922829155355867E+03   5.9922660301930446E+03   1.1885064631162008E+04   1.1698362017852574E+04   1.1479948013730995E+04   6.5881783269988155E+03   6.0000000000000000E+03   5.9000000000000000E+03   6.5727272727272730E+03
   8.3838383838383841E+00   5.8924483043618238E+03   5.9924318350481917E+03   1.1885381768916239E+04   1.1698553483067320E+04   1.1480091308982090E+04   6.6019885474588373E+03   6.0000000000000000E+03   5.9000000000000000E+03   6.5868686868686873E+03
   8.5858585858585847E+00   5.8926068590841351E+03   5.9925908040716367E+03   1.1885685642274311E+04   1.1698738760214430E+04   1.1480230582444761E+04   6.6158124378543289E+03   6.0000000000000000E+03   5.9000000000000000E+03   6.6010101010101007E+03
   8.7878787878787890E+00   5.8927589886409696E+03   5.9927433440132008E+03   1.1885977070112524E+04   1.1698918144777068E+04   1.1480366001084352E+04   6.6296491824975237E+03   6.0000000000000000E+03   5.9000000000000000E+03   6.6151515151515150E+03
   8.9898989898989896E+00   5.8929050704378742E+03   5.9928898305668627E+03   1.1886256805057597E+04   1.1699091913655648E+04   1.1480497722735594E+04   6.6434980282881925E+03   6.0000000000000000E+03   5.9000000000000000E+03   6.6292929292929293E+03
   9.1919191919191903E+00   5.8930454532883596E+03   5.9930306112232065E+03   1.1886525540063769E+04   1.1699260326615600E+04   1.1480625896721052E+04   6.6573582789229695E+03   6.0000000000000000E+03   5.9000000000000000E+03   6.6434343434343436E+03
   9.3939393939393945E+00   5.8931804600339592E+03   5.9931660078176192E+03   1.1886783914220305E+04   1.1699423627599223E+04   1.1480750664418345E+04   6.6712292897241796E+03   6.0000000000000000E+03   5.9000000000000000E+03   6.6575757575757580E+03
   9.5959595959595951E+00   5.8933103898876279E+03   5.9932963188147442E+03   1.1887032517894802E+04   1.1699582045919396E+04   1.1480872159783470E+04   6.6851104630147984E+03   6.0000000000000000E+03   5.9000000000000000E+03   6.6717171717171714E+03
   9.7979797979797993E+00   5.8934355205291213E+03   5.9934218213558925E+03   1.1887271897297614E+04   1.1699735797344758E+04   1.1480990509832620E+04   6.6990012439736893E+03   6.0000000000000000E+03   5.9000000000000000E+03   6.6858585858585857E+03
   1.0000000000000000E+01   5.8935561099850111E+03   5.9935427730995789E+03   1.1887502558542499E+04   1.1699885085089418E+04   1.1481105835086873E+04   6.7129011169154064E+03   6.0000000000000000E+03   5.9000000000000000E+03   6.7000000000000000E+03
