#    row  column                  Re(val)                  Im(val)
       2       1   5.0000000000000000E-01  -0.0000000000000000E+00
       3       2   7.0710678118654757E-01  -0.0000000000000000E+00
       4       3   8.6602540378443860E-01  -0.0000000000000000E+00
       5       4   1.0000000000000000E+00  -0.0000000000000000E+00
       6       5   1.1180339887498949E+00  -0.0000000000000000E+00
       8       7   5.0000000000000000E-01  -0.0000000000000000E+00
       9       8   7.0710678118654757E-01  -0.0000000000000000E+00
      10       9   8.6602540378443860E-01  -0.0000000000000000E+00
      11      10   1.0000000000000000E+00  -0.0000000000000000E+00
      12      11   1.1180339887498949E+00  -0.0000000000000000E+00
      14      13   5.0000000000000000E-01  -0.0000000000000000E+00
      15      14   7.0710678118654757E-01  -0.0000000000000000E+00
      16      15   8.6602540378443860E-01  -0.0000000000000000E+00
      17      16   1.0000000000000000E+00  -0.0000000000000000E+00
      18      17   1.1180339887498949E+00  -0.0000000000000000E+00
      20      19   5.0000000000000000E-01  -0.0000000000000000E+00
      21      20   7.0710678118654757E-01  -0.0000000000000000E+00
      22      21   8.6602540378443860E-01  -0.0000000000000000E+00
      23      22   1.0000000000000000E+00  -0.0000000000000000E+00
      24      23   1.1180339887498949E+00  -0.0000000000000000E+00
      26      25   5.0000000000000000E-01  -0.0000000000000000E+00
      27      26   7.0710678118654757E-01  -0.0000000000000000E+00
      28      27   8.6602540378443860E-01  -0.0000000000000000E+00
      29      28   1.0000000000000000E+00  -0.0000000000000000E+00
      30      29   1.1180339887498949E+00  -0.0000000000000000E+00
      32      31   5.0000000000000000E-01  -0.0000000000000000E+00
      33      32   7.0710678118654757E-01  -0.0000000000000000E+00
      34      33   8.6602540378443860E-01  -0.0000000000000000E+00
      35      34   1.0000000000000000E+00  -0.0000000000000000E+00
      36      35   1.1180339887498949E+00  -0.0000000000000000E+00
      38      37   5.0000000000000000E-01  -0.0000000000000000E+00
      39      38   7.0710678118654757E-01  -0.0000000000000000E+00
      40      39   8.6602540378443860E-01  -0.0000000000000000E+00
      41      40   1.0000000000000000E+00  -0.0000000000000000E+00
      42      41   1.1180339887498949E+00  -0.0000000000000000E+00
      44      43   5.0000000000000000E-01  -0.0000000000000000E+00
      45      44   7.0710678118654757E-01  -0.0000000000000000E+00
      46      45   8.6602540378443860E-01  -0.0000000000000000E+00
      47      46   1.0000000000000000E+00  -0.0000000000000000E+00
      48      47   1.1180339887498949E+00  -0.0000000000000000E+00
      50      49   5.0000000000000000E-01  -0.0000000000000000E+00
      51      50   7.0710678118654757E-01  -0.0000000000000000E+00
      52      51   8.6602540378443860E-01  -0.0000000000000000E+00
      53      52   1.0000000000000000E+00  -0.0000000000000000E+00
      54      53   1.1180339887498949E+00  -0.0000000000000000E+00
      56      55   5.0000000000000000E-01  -0.0000000000000000E+00
      57      56   7.0710678118654757E-01  -0.0000000000000000E+00
      58      57   8.6602540378443860E-01  -0.0000000000000000E+00
      59      58   1.0000000000000000E+00  -0.0000000000000000E+00
      60      59   1.1180339887498949E+00  -0.0000000000000000E+00
      62      61   5.0000000000000000E-01  -0.0000000000000000E+00
      63      62   7.0710678118654757E-01  -0.0000000000000000E+00
      64      63   8.6602540378443860E-01  -0.0000000000000000E+00
      65      64   1.0000000000000000E+00  -0.0000000000000000E+00
      66      65   1.1180339887498949E+00  -0.0000000000000000E+00
      68      67   5.0000000000000000E-01  -0.0000000000000000E+00
      69      68   7.0710678118654757E-01  -0.0000000000000000E+00
      70      69   8.6602540378443860E-01  -0.0000000000000000E+00
      71      70   1.0000000000000000E+00  -0.0000000000000000E+00
      72      71   1.1180339887498949E+00  -0.0000000000000000E+00
      74      73   5.0000000000000000E-01  -0.0000000000000000E+00
      75      74   7.0710678118654757E-01  -0.0000000000000000E+00
      76      75   8.6602540378443860E-01  -0.0000000000000000E+00
      77      76   1.0000000000000000E+00  -0.0000000000000000E+00
      78      77   1.1180339887498949E+00  -0.0000000000000000E+00
      80      79   5.0000000000000000E-01  -0.0000000000000000E+00
      81      80   7.0710678118654757E-01  -0.0000000000000000E+00
      82      81   8.6602540378443860E-01  -0.0000000000000000E+00
      83      82   1.0000000000000000E+00  -0.0000000000000000E+00
      84      83   1.1180339887498949E+00  -0.0000000000000000E+00
      86      85   5.0000000000000000E-01  -0.0000000000000000E+00
      87      86   7.0710678118654757E-01  -0.0000000000000000E+00
      88      87   8.6602540378443860E-01  -0.0000000000000000E+00
      89      88   1.0000000000000000E+00  -0.0000000000000000E+00
      90      89   1.1180339887498949E+00  -0.0000000000000000E+00
      92      91   5.0000000000000000E-01  -0.0000000000000000E+00
      93      92   7.0710678118654757E-01  -0.0000000000000000E+00
      94      93   8.6602540378443860E-01  -0.0000000000000000E+00
      95      94   1.0000000000000000E+00  -0.0000000000000000E+00
      96      95   1.1180339887498949E+00  -0.0000000000000000E+00
      98      97   5.0000000000000000E-01  -0.0000000000000000E+00
      99      98   7.0710678118654757E-01  -0.0000000000000000E+00
     100      99   8.6602540378443860E-01  -0.0000000000000000E+00
     101     100   1.0000000000000000E+00  -0.0000000000000000E+00
     102     101   1.1180339887498949E+00  -0.0000000000000000E+00
     104     103   5.0000000000000000E-01  -0.0000000000000000E+00
     105     104   7.0710678118654757E-01  -0.0000000000000000E+00
     106     105   8.6602540378443860E-01  -0.0000000000000000E+00
     107     106   1.0000000000000000E+00  -0.0000000000000000E+00
     108     107   1.1180339887498949E+00  -0.0000000000000000E+00
     110     109   5.0000000000000000E-01  -0.0000000000000000E+00
     111     110   7.0710678118654757E-01  -0.0000000000000000E+00
     112     111   8.6602540378443860E-01  -0.0000000000000000E+00
     113     112   1.0000000000000000E+00  -0.0000000000000000E+00
     114     113   1.1180339887498949E+00  -0.0000000000000000E+00
     116     115   5.0000000000000000E-01  -0.0000000000000000E+00
     117     116   7.0710678118654757E-01  -0.0000000000000000E+00
     118     117   8.6602540378443860E-01  -0.0000000000000000E+00
     119     118   1.0000000000000000E+00  -0.0000000000000000E+00
     120     119   1.1180339887498949E+00  -0.0000000000000000E+00
     122     121   5.0000000000000000E-01  -0.0000000000000000E+00
     123     122   7.0710678118654757E-01  -0.0000000000000000E+00
     124     123   8.6602540378443860E-01  -0.0000000000000000E+00
     125     124   1.0000000000000000E+00  -0.0000000000000000E+00
     126     125   1.1180339887498949E+00  -0.0000000000000000E+00
     128     127   5.0000000000000000E-01  -0.0000000000000000E+00
     129     128   7.0710678118654757E-01  -0.0000000000000000E+00
     130     129   8.6602540378443860E-01  -0.0000000000000000E+00
     131     130   1.0000000000000000E+00  -0.0000000000000000E+00
     132     131   1.1180339887498949E+00  -0.0000000000000000E+00
     134     133   5.0000000000000000E-01  -0.0000000000000000E+00
     135     134   7.0710678118654757E-01  -0.0000000000000000E+00
     136     135   8.6602540378443860E-01  -0.0000000000000000E+00
     137     136   1.0000000000000000E+00  -0.0000000000000000E+00
     138     137   1.1180339887498949E+00  -0.0000000000000000E+00
     140     139   5.0000000000000000E-01  -0.0000000000000000E+00
     141     140   7.0710678118654757E-01  -0.0000000000000000E+00
     142     141   8.6602540378443860E-01  -0.0000000000000000E+00
     143     142   1.0000000000000000E+00  -0.0000000000000000E+00
     144     143   1.1180339887498949E+00  -0.0000000000000000E+00
     146     145   5.0000000000000000E-01  -0.0000000000000000E+00
     147     146   7.0710678118654757E-01  -0.0000000000000000E+00
     148     147   8.6602540378443860E-01  -0.0000000000000000E+00
     149     148   1.0000000000000000E+00  -0.0000000000000000E+00
     150     149   1.1180339887498949E+00  -0.0000000000000000E+00
