#    row  column                  Re(val)                  Im(val)
       1       2   5.0000000000000000E-01   0.0000000000000000E+00
       2       3   7.0710678118654757E-01   0.0000000000000000E+00
       3       4   8.6602540378443860E-01   0.0000000000000000E+00
       4       5   1.0000000000000000E+00   0.0000000000000000E+00
       5       6   1.1180339887498949E+00   0.0000000000000000E+00
       7       8   5.0000000000000000E-01   0.0000000000000000E+00
       8       9   7.0710678118654757E-01   0.0000000000000000E+00
       9      10   8.6602540378443860E-01   0.0000000000000000E+00
      10      11   1.0000000000000000E+00   0.0000000000000000E+00
      11      12   1.1180339887498949E+00   0.0000000000000000E+00
      13      14   5.0000000000000000E-01   0.0000000000000000E+00
      14      15   7.0710678118654757E-01   0.0000000000000000E+00
      15      16   8.6602540378443860E-01   0.0000000000000000E+00
      16      17   1.0000000000000000E+00   0.0000000000000000E+00
      17      18   1.1180339887498949E+00   0.0000000000000000E+00
      19      20   5.0000000000000000E-01   0.0000000000000000E+00
      20      21   7.0710678118654757E-01   0.0000000000000000E+00
      21      22   8.6602540378443860E-01   0.0000000000000000E+00
      22      23   1.0000000000000000E+00   0.0000000000000000E+00
      23      24   1.1180339887498949E+00   0.0000000000000000E+00
      25      26   5.0000000000000000E-01   0.0000000000000000E+00
      26      27   7.0710678118654757E-01   0.0000000000000000E+00
      27      28   8.6602540378443860E-01   0.0000000000000000E+00
      28      29   1.0000000000000000E+00   0.0000000000000000E+00
      29      30   1.1180339887498949E+00   0.0000000000000000E+00
      31      32   5.0000000000000000E-01   0.0000000000000000E+00
      32      33   7.0710678118654757E-01   0.0000000000000000E+00
      33      34   8.6602540378443860E-01   0.0000000000000000E+00
      34      35   1.0000000000000000E+00   0.0000000000000000E+00
      35      36   1.1180339887498949E+00   0.0000000000000000E+00
      37      38   5.0000000000000000E-01   0.0000000000000000E+00
      38      39   7.0710678118654757E-01   0.0000000000000000E+00
      39      40   8.6602540378443860E-01   0.0000000000000000E+00
      40      41   1.0000000000000000E+00   0.0000000000000000E+00
      41      42   1.1180339887498949E+00   0.0000000000000000E+00
      43      44   5.0000000000000000E-01   0.0000000000000000E+00
      44      45   7.0710678118654757E-01   0.0000000000000000E+00
      45      46   8.6602540378443860E-01   0.0000000000000000E+00
      46      47   1.0000000000000000E+00   0.0000000000000000E+00
      47      48   1.1180339887498949E+00   0.0000000000000000E+00
      49      50   5.0000000000000000E-01   0.0000000000000000E+00
      50      51   7.0710678118654757E-01   0.0000000000000000E+00
      51      52   8.6602540378443860E-01   0.0000000000000000E+00
      52      53   1.0000000000000000E+00   0.0000000000000000E+00
      53      54   1.1180339887498949E+00   0.0000000000000000E+00
      55      56   5.0000000000000000E-01   0.0000000000000000E+00
      56      57   7.0710678118654757E-01   0.0000000000000000E+00
      57      58   8.6602540378443860E-01   0.0000000000000000E+00
      58      59   1.0000000000000000E+00   0.0000000000000000E+00
      59      60   1.1180339887498949E+00   0.0000000000000000E+00
      61      62   5.0000000000000000E-01   0.0000000000000000E+00
      62      63   7.0710678118654757E-01   0.0000000000000000E+00
      63      64   8.6602540378443860E-01   0.0000000000000000E+00
      64      65   1.0000000000000000E+00   0.0000000000000000E+00
      65      66   1.1180339887498949E+00   0.0000000000000000E+00
      67      68   5.0000000000000000E-01   0.0000000000000000E+00
      68      69   7.0710678118654757E-01   0.0000000000000000E+00
      69      70   8.6602540378443860E-01   0.0000000000000000E+00
      70      71   1.0000000000000000E+00   0.0000000000000000E+00
      71      72   1.1180339887498949E+00   0.0000000000000000E+00
      73      74   5.0000000000000000E-01   0.0000000000000000E+00
      74      75   7.0710678118654757E-01   0.0000000000000000E+00
      75      76   8.6602540378443860E-01   0.0000000000000000E+00
      76      77   1.0000000000000000E+00   0.0000000000000000E+00
      77      78   1.1180339887498949E+00   0.0000000000000000E+00
      79      80   5.0000000000000000E-01   0.0000000000000000E+00
      80      81   7.0710678118654757E-01   0.0000000000000000E+00
      81      82   8.6602540378443860E-01   0.0000000000000000E+00
      82      83   1.0000000000000000E+00   0.0000000000000000E+00
      83      84   1.1180339887498949E+00   0.0000000000000000E+00
      85      86   5.0000000000000000E-01   0.0000000000000000E+00
      86      87   7.0710678118654757E-01   0.0000000000000000E+00
      87      88   8.6602540378443860E-01   0.0000000000000000E+00
      88      89   1.0000000000000000E+00   0.0000000000000000E+00
      89      90   1.1180339887498949E+00   0.0000000000000000E+00
      91      92   5.0000000000000000E-01   0.0000000000000000E+00
      92      93   7.0710678118654757E-01   0.0000000000000000E+00
      93      94   8.6602540378443860E-01   0.0000000000000000E+00
      94      95   1.0000000000000000E+00   0.0000000000000000E+00
      95      96   1.1180339887498949E+00   0.0000000000000000E+00
      97      98   5.0000000000000000E-01   0.0000000000000000E+00
      98      99   7.0710678118654757E-01   0.0000000000000000E+00
      99     100   8.6602540378443860E-01   0.0000000000000000E+00
     100     101   1.0000000000000000E+00   0.0000000000000000E+00
     101     102   1.1180339887498949E+00   0.0000000000000000E+00
     103     104   5.0000000000000000E-01   0.0000000000000000E+00
     104     105   7.0710678118654757E-01   0.0000000000000000E+00
     105     106   8.6602540378443860E-01   0.0000000000000000E+00
     106     107   1.0000000000000000E+00   0.0000000000000000E+00
     107     108   1.1180339887498949E+00   0.0000000000000000E+00
     109     110   5.0000000000000000E-01   0.0000000000000000E+00
     110     111   7.0710678118654757E-01   0.0000000000000000E+00
     111     112   8.6602540378443860E-01   0.0000000000000000E+00
     112     113   1.0000000000000000E+00   0.0000000000000000E+00
     113     114   1.1180339887498949E+00   0.0000000000000000E+00
     115     116   5.0000000000000000E-01   0.0000000000000000E+00
     116     117   7.0710678118654757E-01   0.0000000000000000E+00
     117     118   8.6602540378443860E-01   0.0000000000000000E+00
     118     119   1.0000000000000000E+00   0.0000000000000000E+00
     119     120   1.1180339887498949E+00   0.0000000000000000E+00
     121     122   5.0000000000000000E-01   0.0000000000000000E+00
     122     123   7.0710678118654757E-01   0.0000000000000000E+00
     123     124   8.6602540378443860E-01   0.0000000000000000E+00
     124     125   1.0000000000000000E+00   0.0000000000000000E+00
     125     126   1.1180339887498949E+00   0.0000000000000000E+00
     127     128   5.0000000000000000E-01   0.0000000000000000E+00
     128     129   7.0710678118654757E-01   0.0000000000000000E+00
     129     130   8.6602540378443860E-01   0.0000000000000000E+00
     130     131   1.0000000000000000E+00   0.0000000000000000E+00
     131     132   1.1180339887498949E+00   0.0000000000000000E+00
     133     134   5.0000000000000000E-01   0.0000000000000000E+00
     134     135   7.0710678118654757E-01   0.0000000000000000E+00
     135     136   8.6602540378443860E-01   0.0000000000000000E+00
     136     137   1.0000000000000000E+00   0.0000000000000000E+00
     137     138   1.1180339887498949E+00   0.0000000000000000E+00
     139     140   5.0000000000000000E-01   0.0000000000000000E+00
     140     141   7.0710678118654757E-01   0.0000000000000000E+00
     141     142   8.6602540378443860E-01   0.0000000000000000E+00
     142     143   1.0000000000000000E+00   0.0000000000000000E+00
     143     144   1.1180339887498949E+00   0.0000000000000000E+00
     145     146   5.0000000000000000E-01   0.0000000000000000E+00
     146     147   7.0710678118654757E-01   0.0000000000000000E+00
     147     148   8.6602540378443860E-01   0.0000000000000000E+00
     148     149   1.0000000000000000E+00   0.0000000000000000E+00
     149     150   1.1180339887498949E+00   0.0000000000000000E+00
