# rwa vector [MHz]
0.000000000000000000e+00
5.882399999999999636e+03
1.176479999999999927e+04
1.764719999999999709e+04
2.352959999999999854e+04
2.941200000000000000e+04
5.882399999999999636e+03
1.176479999999999927e+04
1.764719999999999709e+04
2.352959999999999854e+04
2.941200000000000000e+04
3.529439999999999418e+04
1.176479999999999927e+04
1.764719999999999709e+04
2.352959999999999854e+04
2.941200000000000000e+04
3.529439999999999418e+04
4.117679999999999563e+04
1.764719999999999709e+04
2.352959999999999854e+04
2.941200000000000000e+04
3.529439999999999418e+04
4.117679999999999563e+04
4.705919999999999709e+04
2.352959999999999854e+04
2.941200000000000000e+04
3.529439999999999418e+04
4.117679999999999563e+04
4.705919999999999709e+04
5.294159999999999854e+04
5.882399999999999636e+03
1.176479999999999927e+04
1.764719999999999709e+04
2.352959999999999854e+04
2.941200000000000000e+04
3.529439999999999418e+04
1.176479999999999927e+04
1.764719999999999709e+04
2.352959999999999854e+04
2.941200000000000000e+04
3.529439999999999418e+04
4.117679999999999563e+04
1.764719999999999709e+04
2.352959999999999854e+04
2.941200000000000000e+04
3.529439999999999418e+04
4.117679999999999563e+04
4.705919999999999709e+04
2.352959999999999854e+04
2.941200000000000000e+04
3.529439999999999418e+04
4.117679999999999563e+04
4.705919999999999709e+04
5.294159999999999854e+04
2.941200000000000000e+04
3.529439999999999418e+04
4.117679999999999563e+04
4.705919999999999709e+04
5.294159999999999854e+04
5.882400000000000000e+04
1.176479999999999927e+04
1.764719999999999709e+04
2.352959999999999854e+04
2.941200000000000000e+04
3.529439999999999418e+04
4.117679999999999563e+04
1.764719999999999709e+04
2.352959999999999854e+04
2.941200000000000000e+04
3.529439999999999418e+04
4.117679999999999563e+04
4.705919999999999709e+04
2.352959999999999854e+04
2.941200000000000000e+04
3.529439999999999418e+04
4.117679999999999563e+04
4.705919999999999709e+04
5.294159999999999854e+04
2.941200000000000000e+04
3.529439999999999418e+04
4.117679999999999563e+04
4.705919999999999709e+04
5.294159999999999854e+04
5.882400000000000000e+04
3.529439999999999418e+04
4.117679999999999563e+04
4.705919999999999709e+04
5.294159999999999854e+04
5.882400000000000000e+04
6.470639999999999418e+04
1.764719999999999709e+04
2.352959999999999854e+04
2.941200000000000000e+04
3.529439999999999418e+04
4.117679999999999563e+04
4.705919999999999709e+04
2.352959999999999854e+04
2.941200000000000000e+04
3.529439999999999418e+04
4.117679999999999563e+04
4.705919999999999709e+04
5.294159999999999854e+04
2.941200000000000000e+04
3.529439999999999418e+04
4.117679999999999563e+04
4.705919999999999709e+04
5.294159999999999854e+04
5.882400000000000000e+04
3.529439999999999418e+04
4.117679999999999563e+04
4.705919999999999709e+04
5.294159999999999854e+04
5.882400000000000000e+04
6.470639999999999418e+04
4.117679999999999563e+04
4.705919999999999709e+04
5.294159999999999854e+04
5.882400000000000000e+04
6.470639999999999418e+04
7.058879999999998836e+04
2.352959999999999854e+04
2.941200000000000000e+04
3.529439999999999418e+04
4.117679999999999563e+04
4.705919999999999709e+04
5.294159999999999854e+04
2.941200000000000000e+04
3.529439999999999418e+04
4.117679999999999563e+04
4.705919999999999709e+04
5.294159999999999854e+04
5.882400000000000000e+04
3.529439999999999418e+04
4.117679999999999563e+04
4.705919999999999709e+04
5.294159999999999854e+04
5.882400000000000000e+04
6.470639999999999418e+04
4.117679999999999563e+04
4.705919999999999709e+04
5.294159999999999854e+04
5.882400000000000000e+04
6.470639999999999418e+04
7.058879999999998836e+04
4.705919999999999709e+04
5.294159999999999854e+04
5.882400000000000000e+04
6.470639999999999418e+04
7.058879999999998836e+04
7.647119999999999709e+04
