# rwa vector [MHz]
0.000000000000000000e+00
5.932500000000000000e+03
1.186500000000000000e+04
1.779750000000000000e+04
2.373000000000000000e+04
2.966250000000000000e+04
5.932500000000000000e+03
1.186500000000000000e+04
1.779750000000000000e+04
2.373000000000000000e+04
2.966250000000000000e+04
3.559500000000000000e+04
1.186500000000000000e+04
1.779750000000000000e+04
2.373000000000000000e+04
2.966250000000000000e+04
3.559500000000000000e+04
4.152750000000000000e+04
1.779750000000000000e+04
2.373000000000000000e+04
2.966250000000000000e+04
3.559500000000000000e+04
4.152750000000000000e+04
4.746000000000000000e+04
2.373000000000000000e+04
2.966250000000000000e+04
3.559500000000000000e+04
4.152750000000000000e+04
4.746000000000000000e+04
5.339250000000000000e+04
5.932500000000000000e+03
1.186500000000000000e+04
1.779750000000000000e+04
2.373000000000000000e+04
2.966250000000000000e+04
3.559500000000000000e+04
1.186500000000000000e+04
1.779750000000000000e+04
2.373000000000000000e+04
2.966250000000000000e+04
3.559500000000000000e+04
4.152750000000000000e+04
1.779750000000000000e+04
2.373000000000000000e+04
2.966250000000000000e+04
3.559500000000000000e+04
4.152750000000000000e+04
4.746000000000000000e+04
2.373000000000000000e+04
2.966250000000000000e+04
3.559500000000000000e+04
4.152750000000000000e+04
4.746000000000000000e+04
5.339250000000000000e+04
2.966250000000000000e+04
3.559500000000000000e+04
4.152750000000000000e+04
4.746000000000000000e+04
5.339250000000000000e+04
5.932500000000000000e+04
1.186500000000000000e+04
1.779750000000000000e+04
2.373000000000000000e+04
2.966250000000000000e+04
3.559500000000000000e+04
4.152750000000000000e+04
1.779750000000000000e+04
2.373000000000000000e+04
2.966250000000000000e+04
3.559500000000000000e+04
4.152750000000000000e+04
4.746000000000000000e+04
2.373000000000000000e+04
2.966250000000000000e+04
3.559500000000000000e+04
4.152750000000000000e+04
4.746000000000000000e+04
5.339250000000000000e+04
2.966250000000000000e+04
3.559500000000000000e+04
4.152750000000000000e+04
4.746000000000000000e+04
5.339250000000000000e+04
5.932500000000000000e+04
3.559500000000000000e+04
4.152750000000000000e+04
4.746000000000000000e+04
5.339250000000000000e+04
5.932500000000000000e+04
6.525750000000000000e+04
1.779750000000000000e+04
2.373000000000000000e+04
2.966250000000000000e+04
3.559500000000000000e+04
4.152750000000000000e+04
4.746000000000000000e+04
2.373000000000000000e+04
2.966250000000000000e+04
3.559500000000000000e+04
4.152750000000000000e+04
4.746000000000000000e+04
5.339250000000000000e+04
2.966250000000000000e+04
3.559500000000000000e+04
4.152750000000000000e+04
4.746000000000000000e+04
5.339250000000000000e+04
5.932500000000000000e+04
3.559500000000000000e+04
4.152750000000000000e+04
4.746000000000000000e+04
5.339250000000000000e+04
5.932500000000000000e+04
6.525750000000000000e+04
4.152750000000000000e+04
4.746000000000000000e+04
5.339250000000000000e+04
5.932500000000000000e+04
6.525750000000000000e+04
7.119000000000000000e+04
2.373000000000000000e+04
2.966250000000000000e+04
3.559500000000000000e+04
4.152750000000000000e+04
4.746000000000000000e+04
5.339250000000000000e+04
2.966250000000000000e+04
3.559500000000000000e+04
4.152750000000000000e+04
4.746000000000000000e+04
5.339250000000000000e+04
5.932500000000000000e+04
3.559500000000000000e+04
4.152750000000000000e+04
4.746000000000000000e+04
5.339250000000000000e+04
5.932500000000000000e+04
6.525750000000000000e+04
4.152750000000000000e+04
4.746000000000000000e+04
5.339250000000000000e+04
5.932500000000000000e+04
6.525750000000000000e+04
7.119000000000000000e+04
4.746000000000000000e+04
5.339250000000000000e+04
5.932500000000000000e+04
6.525750000000000000e+04
7.119000000000000000e+04
7.712250000000000000e+04
